# Color Palette Definition File
# Created on [insert date and time here]

color0=0,0,0
color1=0,0,255
color2=128,0,128
color3=0,255,255
color4=0,128,0
color5=255,255,0
color6=255,0,0

numPoints=7

sample0=0.0
sample1=0.166667
sample2=0.333333
sample3=0.5
sample4=0.666667
sample5=0.833333
sample6=1.0

autoDistribute=false
4);